25 194
1 3
1 4
1 6
1 8
1 9
1 10
1 11
1 12
1 15
1 19
1 20
1 21
1 22
2 3
2 5
2 8
2 9
2 12
2 13
2 14
2 15
2 17
2 18
2 19
2 22
2 23
2 24
2 25
3 4
3 5
3 9
3 11
3 12
3 13
3 15
3 17
3 18
3 21
3 24
3 25
4 10
4 11
4 12
4 13
4 14
4 15
4 16
4 19
4 20
4 21
4 23
4 24
4 25
5 8
5 9
5 10
5 11
5 12
5 13
5 14
5 21
5 22
5 23
5 24
5 25
6 7
6 8
6 9
6 10
6 12
6 13
6 14
6 17
6 18
6 19
6 21
6 22
6 23
6 24
6 25
7 10
7 11
7 13
7 14
7 15
7 16
7 17
7 18
7 19
7 20
7 21
7 23
7 25
8 10
8 12
8 13
8 15
8 16
8 17
8 18
8 19
8 20
8 21
8 24
8 25
9 10
9 13
9 17
9 18
9 20
9 21
9 24
9 25
10 11
10 12
10 14
10 15
10 17
10 18
10 19
10 20
10 21
10 23
10 24
10 25
11 12
11 13
11 15
11 16
11 18
11 21
11 22
11 23
11 24
11 25
12 13
12 14
12 16
12 17
12 19
12 20
12 25
13 14
13 16
13 18
13 19
13 20
13 21
13 22
13 23
13 24
14 15
14 16
14 20
14 21
14 23
14 24
15 16
15 18
15 20
15 21
16 17
16 18
16 20
16 21
16 22
16 23
16 24
16 25
17 18
17 19
17 21
17 22
17 24
17 25
18 19
18 20
18 21
18 22
18 23
18 24
19 20
19 21
19 22
19 25
20 21
20 22
20 25
21 23
21 25
22 23
22 25
23 24
23 25
