25 188
1 2
1 3
1 4
1 5
1 6
1 7
1 10
1 13
1 15
1 18
1 22
2 3
2 4
2 5
2 6
2 7
2 9
2 12
2 13
2 18
2 19
2 20
2 22
2 23
2 25
3 4
3 5
3 6
3 7
3 8
3 10
3 12
3 14
3 17
3 18
3 22
3 23
4 5
4 6
4 7
4 10
4 11
4 15
4 17
4 18
4 23
5 6
5 7
5 8
5 9
5 10
5 11
5 12
5 15
5 20
5 21
5 22
5 25
6 7
6 8
6 9
6 10
6 11
6 16
6 17
6 18
6 19
6 20
6 23
6 24
7 8
7 9
7 10
7 11
7 12
7 14
7 16
7 19
7 25
8 9
8 10
8 11
8 12
8 13
8 18
8 21
8 22
8 25
9 10
9 11
9 13
9 14
9 18
9 21
9 23
9 25
10 11
10 12
10 13
10 14
10 15
10 16
10 20
10 22
10 23
10 24
11 12
11 13
11 14
11 15
11 16
11 18
11 19
11 20
11 23
11 25
12 13
12 14
12 15
12 16
12 17
12 18
12 19
12 20
12 21
12 22
12 23
12 24
12 25
13 14
13 15
13 16
13 18
13 19
13 24
13 25
14 15
14 16
14 20
14 22
14 23
15 16
15 17
15 18
15 19
15 20
15 21
15 25
16 17
16 18
16 19
16 20
16 21
16 22
16 23
17 18
17 19
17 20
17 21
17 22
17 24
18 19
18 20
18 21
18 22
18 23
18 25
19 20
19 21
19 22
19 23
19 24
19 25
20 21
20 22
20 23
20 24
20 25
21 22
21 23
21 24
21 25
22 23
22 24
22 25
23 24
23 25
24 25
