25 189
1 3
1 4
1 6
1 8
1 12
1 13
1 14
1 17
1 18
1 19
1 21
1 22
1 24
1 25
2 6
2 7
2 8
2 10
2 11
2 12
2 14
2 16
2 17
2 18
2 19
2 20
2 21
2 23
2 24
2 25
3 6
3 7
3 8
3 9
3 10
3 11
3 14
3 16
3 19
3 22
3 23
3 24
3 25
4 6
4 7
4 8
4 9
4 11
4 13
4 14
4 15
4 16
4 17
4 19
4 22
5 6
5 7
5 8
5 9
5 10
5 11
5 12
5 13
5 15
5 17
5 18
5 22
5 25
6 7
6 8
6 13
6 16
6 18
6 19
6 20
6 21
6 22
6 23
6 25
7 9
7 10
7 12
7 13
7 18
7 19
7 20
7 23
7 24
7 25
8 10
8 11
8 13
8 14
8 15
8 16
8 17
8 18
8 19
8 20
8 23
8 24
8 25
9 11
9 12
9 14
9 15
9 16
9 17
9 19
9 20
9 21
9 23
9 24
10 11
10 12
10 14
10 15
10 20
10 23
10 24
11 12
11 13
11 14
11 15
11 17
11 18
11 21
11 22
11 23
12 13
12 16
12 17
12 18
12 19
12 20
12 21
12 22
12 24
12 25
13 14
13 15
13 16
13 18
13 20
13 22
13 23
13 25
14 15
14 16
14 17
14 18
14 19
14 20
14 21
14 22
14 23
14 24
14 25
15 16
15 19
15 21
15 22
15 25
16 17
16 18
16 19
16 22
16 23
16 24
17 18
17 22
17 25
18 20
18 21
18 24
19 22
19 23
19 24
20 21
20 22
20 23
20 25
21 24
21 25
22 24
22 25
23 24
23 25
24 25
