25 179
1 3
1 4
1 5
1 6
1 8
1 9
1 10
1 12
1 15
1 16
1 17
1 19
1 20
1 21
1 23
1 24
2 3
2 5
2 6
2 7
2 10
2 11
2 12
2 13
2 14
2 16
2 19
2 20
2 21
2 22
2 23
2 24
3 4
3 5
3 8
3 9
3 10
3 14
3 15
3 16
3 17
3 19
3 21
3 22
3 24
3 25
4 8
4 9
4 11
4 16
4 17
4 18
4 19
4 23
4 25
5 6
5 7
5 8
5 11
5 13
5 15
5 17
5 19
5 21
5 23
5 24
5 25
6 9
6 10
6 13
6 14
6 16
6 19
6 20
6 22
6 23
7 11
7 12
7 13
7 14
7 16
7 19
7 24
8 10
8 11
8 12
8 13
8 14
8 15
8 20
8 21
8 22
8 23
8 24
8 25
9 10
9 11
9 12
9 13
9 14
9 16
9 17
9 18
9 20
9 21
9 23
9 25
10 11
10 12
10 14
10 18
10 20
10 21
10 25
11 15
11 19
11 22
11 23
12 13
12 17
12 18
12 19
12 20
12 21
12 22
12 23
12 24
13 15
13 16
13 17
13 18
13 19
13 20
13 21
13 23
13 24
13 25
14 15
14 17
14 18
14 19
14 21
14 22
14 24
15 18
15 20
15 24
16 18
16 19
16 20
16 22
16 23
16 25
17 18
17 19
17 21
17 24
17 25
18 19
18 20
18 21
18 24
18 25
19 20
19 21
19 22
19 23
19 25
20 21
20 22
20 25
21 22
21 23
21 24
21 25
22 24
22 25
23 24
24 25
